Statistical Summary:
       Course Absence Rate          PF         FIN       TOTAL       Class
count           205.000000  205.000000  205.000000  205.000000  205.000000
mean             10.712195   77.487805   50.551220   66.741463    2.302439
std              11.550405   26.798743   31.710293   24.473204    0.697505
min               0.000000    0.000000    0.000000    0.000000    1.000000
25%               3.000000   67.000000   25.000000   56.000000    2.000000
50%               7.000000   85.000000   50.000000   71.000000    2.000000
75%              17.000000  100.000000   75.000000   84.000000    3.000000
max              65.000000  100.000000  100.000000  100.000000    3.000000
